<?xml version="1.0"?>
<opencv_storage>
<worldPoints>
  -1.8607042543592587e+000 -5.0360348467920590e-001
  1.3290877485683437e+000 -6.6318388474893464e-001
  -7.2950720130464264e-001 1.6988985550355586e+000
  -1.2703829566068858e+000 -8.2411467880378586e-001
  7.1036164148009850e-001 -4.0925713232714456e-001
  -6.6364178074802971e-001 9.6131791829283419e-001
  -8.7191538431855586e-001 -7.7904203081132173e-001
  7.3703682246702373e-001 -6.9120791144900307e-001
  -5.0729769772465660e-001 5.1805553534686666e-001
  -1.5830465573311554e+000 -3.5546121037842648e-001
  8.7181598304066521e-001 -1.8230438839587630e+000
  -5.5011921482510817e-001 1.4695571526603766e+000
  -6.6917999861934963e-001 -1.5253268145370322e+000
  1.7965374462881736e+000 -1.6126081919478334e+000
  -7.1661761147715031e-001 1.3500037120554129e+000
  -1.9010364995934355e+000 -3.0035826868854576e-001
  1.4865461610541046e+000 -3.9208651252447813e-001
  -1.8638970968419333e+000 1.6875341727213007e+000
  -6.1251395599954406e-001 -5.2745644168464567e-001
  4.6389138289539533e-001 -1.4564348421365887e+000
  -1.1771477808997712e+000 1.1426559075602918e+000
  -7.0194227918643470e-001 -5.1591858643299116e-001
  1.3367389258291897e+000 -1.8535994957707289e+000
  -1.3453919755320061e+000 1.7001739871710755e+000
  -1.1481278345115298e+000 -4.0340699744601949e-001
  1.6402120186731479e+000 -1.6295109089986473e+000
  -7.0934796762351593e-001 1.8742232856793148e+000
  -1.1216996763938376e+000 -2.0941569896512546e-001
  7.7068729342127129e-001 -1.7069272885906548e+000
  -7.4865494751206207e-001 1.3183717962175019e+000
  -1.1310644562576271e+000 -3.9826755254022550e-001
  1.2583233481500653e+000 -1.0686903589218293e+000
  -4.2104439249186121e-001 1.2130914540624707e+000
  -2.4796425046181247e-001 -1.1866544845708553e+000
  1.0981591307800953e+000 -1.0480494465312664e+000
  -3.4879852657688937e-001 8.5380863131966345e-001
  -1.1766529755589512e+000 -3.6380881783808339e-001
  1.3109131857140044e+000 -1.2986537787946362e-001
  -2.4098148968288013e-001 1.4845050261988806e+000
  -6.0711898106070961e-001 -4.2192432431239735e-001
  1.9162753093394422e+000 -1.4273915947921250e+000
  -1.0213976947762999e+000 1.5732772059672260e+000
  -1.6099476823321073e+000 -5.5789957089703512e-001
  1.0808251987230377e+000 -1.2386644062337426e+000
  -9.3064523656615217e-001 1.5429818238083759e+000
  -1.5642670970888197e+000 -7.9381478861530064e-001
  1.6432937400324199e+000 -9.7906912854546713e-001
  -1.7007955676992914e+000 1.7703266312410031e+000
  -6.8277238169270427e-001 -5.9409036842841711e-001
  1.5896312770579193e+000 -7.5196524362077044e-001
  -1.8542912835033303e+000 1.8929653111702927e+000
  -1.5950835432350459e+000 -3.4064803011234734e-001
  1.0973556933224060e+000 -1.1548920293005818e+000
  -1.3424734109601433e+000 1.9900425307847074e+000
  -1.8879611238847123e+000 -1.9692640117403288e+000
  1.7520238897383846e+000 -1.0216370214887696e+000
  -7.5932970720617554e-001 1.7881138135145527e+000
  -1.2386826271762053e+000 -3.0228552558883970e-001
  5.9022361708190174e-001 -3.4662036464523727e-001
  -3.6018939187254273e-001 4.2231374707614078e-001
  -1.4966043945223833e+000 -2.5827032052244991e-001
  1.8180719423056246e+000 -4.4512079240451663e-001
  -1.1561644605349555e+000 1.9320519027678060e+000
  -1.6207658639767759e+000 -1.8228172383967716e+000
  1.5768797189065116e+000 -8.8221969417892621e-001
  -6.5248171829077117e-001 1.2849818704400306e+000
  -7.6966987270542475e-001 -1.0807495729391658e+000
  1.6119558593277745e+000 -1.3317357866232715e-001
  -2.5762026924043768e-001 1.0168350100225354e+000
  -8.5410993432195026e-001 -1.1046697472340181e+000
  1.4067068333648007e+000 -6.7385798653781603e-001
  -2.2323899340906239e-001 1.8560514947490621e+000
  -9.9390537700220327e-001 -1.1957998571047548e+000
  1.1082203680375340e+000 -6.6005891171657916e-001
  -3.5382849126350457e-001 1.7875615456049270e+000</worldPoints>
<imagePoints1>
  -9.2015882809690325e+001 1.2704718785905526e+002
  2.0511673242459943e+002 1.1199583161434714e+002
  -2.0631460132110885e+002 -1.0583593962018743e+002
  1.9470911365329485e+002 3.4207919069781951e+001
  -2.8157228761025635e+001 -7.5089317528969886e+001
  -7.2665408358659960e+001 -5.1909715027880964e+001
  -2.1439098489299886e+002 1.1845716426964567e+002
  -4.5090812615069069e+001 1.2840819314683441e+002
  2.1037819723681707e+002 -1.3097938121437402e+001
  -3.1547619204447898e+001 8.1760649934738851e+001
  -5.6359010226514812e+001 1.7976857077040563e+002
  2.5162149691471106e+002 -8.9254206255616509e+001
  -6.8588501311553813e+001 -9.8947372302555493e+001
  -5.5116228083021291e+001 -6.7098358451103849e+001
  1.6545851940652994e+002 1.2494736882127212e+002
  -8.5794496421420519e-001 4.1057027502119210e+000
  1.1399369237028084e+002 1.6668287723196946e+002
  6.4125972512137011e+001 1.2717639420858687e+002
  -1.0834002530032510e+002 1.5899850900048472e+002
  -6.1037202459505146e+001 7.0719952828445514e+001
  5.5463646950527760e+001 1.4564940435478397e+002
  6.0732183400166200e+001 1.3653431900661937e+002
  2.5354708177942132e+002 -8.2122442855149600e+001
  -4.1253026497775409e+001 1.1821996995759801e+002
  5.5841416135890832e+001 1.5727033507679357e+002
  2.9425446190115770e+002 1.9160906779924736e+002
  2.2675916176796235e+002 1.7436452452081025e+002
  5.2989618896141714e+001 4.6468528458958787e+001
  -1.1837579237616640e+002 8.6126957179665837e+001
  8.3743856778015513e+001 6.0201806178357380e+001
  3.9853002869616418e+001 9.5998849918607604e+001
  1.5723904987581631e+002 -4.6391872428505245e+001
  1.9359338304914249e+002 1.2859156121016707e+002
  2.0309169222928028e+002 -5.2009699464913055e+001
  -1.0778571217213644e+002 1.4746193017047946e+002
  1.4920730639403018e+002 3.8903130150984005e+001
  2.8656492565075951e+000 -9.5062555561071505e+001
  1.5185199222124464e+002 1.1341063862525843e+002
  -2.9763759806882075e+002 8.7326822292289052e+001
  7.8448845150424546e+001 -1.4248076129632462e+001
  7.7737489337539088e+001 1.9765273047990308e+002
  2.5219693062231735e+002 6.1613164122697690e+001
  1.7509335652350671e+001 -1.0459306708750506e+002
  1.1794480998557003e+002 8.8632261126086959e+001
  1.7947887950748947e+002 4.0136309050349034e+001
  2.8145590600833629e+002 1.6447486415827433e+002
  1.4130992207545233e+002 5.9056998658489706e+000
  2.1315145296392132e+002 2.0414563705613207e+002
  5.6057592074646251e+001 -8.1657991211775254e+001
  2.1132942684082440e+002 1.8099432631845045e+002</imagePoints1>
